========== Nodal Displacements ==========
Units: mm (U, V), rad (θ)

Element 1
  Node 3       0.037532      -13.479    0.0067393
  Node 4              0            0    0.0067393

Element 2
  Node 1             10            0            0
  Node 3       0.037532      -13.479     0.024782

Element 3
  Node 2              0            0    -0.062182
  Node 3       0.037532      -13.479     0.024782

Element 4
  Node 3       0.037532      -13.479     0.024782
  Node 5              0            0    -0.012363

Element 5
  Node 3       0.037532      -13.479    0.0062072
  Node 6        -11.754     -0.44076    0.0062072

Element 6
  Node 6        -11.754     -0.44076   -0.0088152
  Node 7              0            0            0


========== Reaction Forces ==========
Units: KN, KN·m

Node   (X, Y) [mm]           Fx (KN)    Fy (KN)     M (KN·m)
--------------------------------------------------------------
 1    (2000.0,    0.0)     -4668.189  28304.895   2066.067
 2    (   0.0, 2000.0)       -78.816  42464.617 -16666.667
 4    (4000.0, 2000.0)       -78.816      0.000      0.000
 5    (2000.0, 4000.0)      3900.228  28304.895      0.000
 7    (4000.0, 6000.0)       925.594    925.594   1851.188

========== Element Internal Forces & Displacement ==========
Units: Position (m), BM (KN·m), SF (KN), Disp (mm)

Element 1 (Length: 2.000 m)
Position (m)    AF (KN)         BM (KN·m)       SF (KN)         X Disp (mm)     Y Disp (mm)    
0.000           -78.816         -0.00000        0.00000         0.03753         -13.47852      
0.200           -78.816         -0.00000        0.00000         -0.00375        -12.13067      
0.400           -78.816         -0.00000        0.00000         -0.00751        -10.78282      
0.600           -78.816         -0.00000        0.00000         -0.01126        -9.43496       
0.800           -78.816         -0.00000        0.00000         -0.01501        -8.08711       
1.000           -78.816         -0.00000        0.00000         -0.01877        -6.73926       
1.200           -78.816         -0.00000        0.00000         -0.02252        -5.39141       
1.400           -78.816         -0.00000        0.00000         -0.02627        -4.04356       
1.600           -78.816         0.00000         0.00000         -0.03003        -2.69570       
1.800           -78.816         0.00000         0.00000         -0.03378        -1.34785       
2.000           -78.816         0.00000         0.00000         0.00000         0.00000        

Element 2 (Length: 2.000 m)
Position (m)    AF (KN)         BM (KN·m)       SF (KN)         X Disp (mm)     Y Disp (mm)    
0.000           -28304.895      -2066.06679     4668.18896      10.00000        0.00000        
0.200           -28304.895      -1132.42900     4668.18896      10.16713        -1.34785       
0.400           -28304.895      -198.79121      4668.18896      10.54996        -2.69570       
0.600           -28304.895      734.84658       4668.18896      10.97065        -4.04356       
0.800           -28304.895      1668.48438      4668.18896      11.25138        -5.39141       
1.000           -28304.895      2602.12217      4668.18896      11.21429        -6.73926       
1.200           -28304.895      3535.75996      4668.18896      10.68157        -8.08711       
1.400           -28304.895      4469.39775      4668.18896      9.47537         -9.43496       
1.600           -28304.895      5403.03554      4668.18896      7.41785         -10.78282      
1.800           -28304.895      6336.67334      4668.18896      4.33118         -12.13067      
2.000           -28304.895      7270.31113      4668.18896      0.03753         -13.47852      

Element 3 (Length: 2.000 m)
Position (m)    AF (KN)         BM (KN·m)       SF (KN)         X Disp (mm)     Y Disp (mm)    
0.000           78.816          0.00000         42464.61680     0.00000         0.00000        
0.200           78.816          7492.92336      32464.61680     0.00375         -12.18275      
0.400           78.816          12985.84672     22464.61680     0.00751         -22.97003      
0.600           78.816          16478.77008     12464.61680     0.01126         -31.31556      
0.800           78.816          17971.69344     2464.61680      0.01501         -36.55402      
1.000           78.816          17464.61680     -7535.38320     0.01877         -38.40105      
1.200           78.816          14957.54016     -17535.38320    0.02252         -36.95323      
1.400           78.816          10450.46352     -27535.38320    0.02627         -32.68810      
1.600           78.816          3943.38688      -37535.38320    0.03003         -26.46415      
1.800           78.816          -4563.68976     -47535.38320    0.03378         -19.52082      
2.000           78.816          -15070.76640    -57535.38320    0.03753         -13.47852      

Element 4 (Length: 2.000 m)
Position (m)    AF (KN)         BM (KN·m)       SF (KN)         X Disp (mm)     Y Disp (mm)    
0.000           28304.895       -7800.45528     3900.22764      0.03753         0.00000        
0.200           28304.895       -7020.40975     3900.22764      -4.20075        1.34785        
0.400           28304.895       -6240.36422     3900.22764      -7.10182        2.69570        
0.600           28304.895       -5460.31869     3900.22764      -8.81424        4.04356        
0.800           28304.895       -4680.27317     3900.22764      -9.48661        5.39141        
1.000           28304.895       -3900.22764     3900.22764      -9.26749        6.73926        
1.200           28304.895       -3120.18211     3900.22764      -8.30547        8.08711        
1.400           28304.895       -2340.13658     3900.22764      -6.74914        9.43496        
1.600           28304.895       -1560.09106     3900.22764      -4.74706        10.78282       
1.800           28304.895       -780.04553      3900.22764      -2.44782        12.13067       
2.000           28304.895       0.00000         3900.22764      0.00000         13.47852       

Element 5 (Length: 2.828 m)
Position (m)    AF (KN)         BM (KN·m)       SF (KN)         X Disp (mm)     Y Disp (mm)    
0.000           1308.988        0.00000         -0.00000        0.03753         -6.75803       
0.283           1308.988        -0.00000        -0.00000        5.57892         -5.45425       
0.566           1308.988        -0.00000        -0.00000        4.39980         -4.15047       
0.849           1308.988        -0.00000        -0.00000        3.22069         -2.84670       
1.131           1308.988        -0.00000        -0.00000        2.04158         -1.54292       
1.414           1308.988        -0.00000        -0.00000        0.86247         -0.23915       
1.697           1308.988        -0.00000        -0.00000        -0.31664        1.06463        
1.980           1308.988        -0.00000        -0.00000        -1.49575        2.36841        
2.263           1308.988        -0.00000        -0.00000        -2.67486        3.67218        
2.546           1308.988        -0.00000        -0.00000        -3.85397        4.97596        
2.828           1308.988        -0.00000        -0.00000        -11.75358       6.27974        

Element 6 (Length: 2.000 m)
Position (m)    AF (KN)         BM (KN·m)       SF (KN)         X Disp (mm)     Y Disp (mm)    
0.000           925.594         0.00000         925.59408       -11.75358       0.00000        
0.200           925.594         185.11882       925.59408       -9.99642        0.04408        
0.400           925.594         370.23763       925.59408       -8.27452        0.08815        
0.600           925.594         555.35645       925.59408       -6.62314        0.13223        
0.800           925.594         740.47526       925.59408       -5.07754        0.17630        
1.000           925.594         925.59408       925.59408       -3.67299        0.22038        
1.200           925.594         1110.71289      925.59408       -2.44474        0.26446        
1.400           925.594         1295.83171      925.59408       -1.42806        0.30853        
1.600           925.594         1480.95052      925.59408       -0.65820        0.35261        
1.800           925.594         1666.06934      925.59408       -0.17043        0.39668        
2.000           925.594         1851.18815      925.59408       0.00000         0.44076        

