========== Nodal Displacements ==========
Units: mm (U, V), rad (θ)

Element 1
  Node 1              0            0            0
  Node 4         1.9502     0.028324  -0.00051911

Element 2
  Node 2         2.4022            0   0.00012997
  Node 5         1.8823    -0.039105   0.00012997

Element 3
  Node 3              0            0            0
  Node 6         1.8459    -0.036839  -0.00036306

Element 4
  Node 4         1.9502     0.028324  -0.00051911
  Node 5         1.8823    -0.039105   0.00012997

Element 5
  Node 5         1.8823    -0.039105   0.00012997
  Node 6         1.8459    -0.036839  -0.00036306

Element 6
  Node 4         1.9502     0.028324  -0.00051911
  Node 7         2.8557     0.029991   0.00015746

Element 7
  Node 5         1.8823    -0.039105   0.00012997
  Node 8         2.7673    -0.069119  -0.00022924

Element 8
  Node 6         1.8459    -0.036839  -0.00036306
  Node 9         2.7618    -0.056111  -2.1212e-05

Element 9
  Node 7         2.8557     0.029991   0.00015746
  Node 8         2.7673    -0.069119  -0.00022924

Element 10
  Node 8         2.7673    -0.069119  -0.00022924
  Node 9         2.7618    -0.056111  -2.1212e-05


========== Reaction Forces ==========
Units: KN, KN·m

Node   (X, Y) [mm]           Fx (KN)    Fy (KN)     M (KN·m)
--------------------------------------------------------------
 1    (   0.0,    0.0)       -35.910    -29.741     99.073
 2    (4000.0,    0.0)         0.000     41.060      0.000
 3    (8000.0,    0.0)       -44.090    238.681    107.242

========== Element Internal Forces & Displacement ==========
Units: Position (m), BM (KN·m), SF (KN), Disp (mm)

Element 1 (Length: 4.000 m)
Position (m)    AF (KN)         BM (KN·m)       SF (KN)         X Disp (mm)     Y Disp (mm)    
0.000           29.741          -99.07260       35.90956        0.00000         0.00000        
0.400           29.741          -84.70878       35.90956        0.03592         0.00283        
0.800           29.741          -70.34495       35.90956        0.13638         0.00566        
1.200           29.741          -55.98113       35.90956        0.29043         0.00850        
1.600           29.741          -41.61731       35.90956        0.48714         0.01133        
2.000           29.741          -27.25348       35.90956        0.71555         0.01416        
2.400           29.741          -12.88966       35.90956        0.96473         0.01699        
2.800           29.741          1.47417         35.90956        1.22373         0.01983        
3.200           29.741          15.83799        35.90956        1.48161         0.02266        
3.600           29.741          30.20182        35.90956        1.72742         0.02549        
4.000           29.741          44.56564        35.90956        1.95022         0.02832        

Element 2 (Length: 4.000 m)
Position (m)    AF (KN)         BM (KN·m)       SF (KN)         X Disp (mm)     Y Disp (mm)    
0.000           -41.060         0.00000         0.00000         2.40221         0.00000        
0.400           -41.060         0.00000         0.00000         2.35023         -0.00391       
0.800           -41.060         0.00000         0.00000         2.29824         -0.00782       
1.200           -41.060         0.00000         0.00000         2.24625         -0.01173       
1.600           -41.060         0.00000         0.00000         2.19427         -0.01564       
2.000           -41.060         0.00000         0.00000         2.14228         -0.01955       
2.400           -41.060         0.00000         0.00000         2.09029         -0.02346       
2.800           -41.060         0.00000         0.00000         2.03831         -0.02737       
3.200           -41.060         0.00000         0.00000         1.98632         -0.03128       
3.600           -41.060         0.00000         0.00000         1.93433         -0.03519       
4.000           -41.060         0.00000         0.00000         1.88235         -0.03910       

Element 3 (Length: 4.000 m)
Position (m)    AF (KN)         BM (KN·m)       SF (KN)         X Disp (mm)     Y Disp (mm)    
0.000           -38.681         -107.24163      44.09044        0.00000         0.00000        
0.400           -38.681         -89.60545       44.09044        0.03861         -0.00368       
0.800           -38.681         -71.96928       44.09044        0.14550         -0.00737       
1.200           -38.681         -54.33310       44.09044        0.30722         -0.01105       
1.600           -38.681         -36.69693       44.09044        0.51033         -0.01474       
2.000           -38.681         -19.06075       44.09044        0.74141         -0.01842       
2.400           -38.681         -1.42457        44.09044        0.98701         -0.02210       
2.800           -38.681         16.21160        44.09044        1.23369         -0.02579       
3.200           -38.681         33.84778        44.09044        1.46802         -0.02947       
3.600           -38.681         51.48395        44.09044        1.67656         -0.03315       
4.000           -38.681         69.12013        44.09044        1.84588         -0.03684       

Element 4 (Length: 4.000 m)
Position (m)    AF (KN)         BM (KN·m)       SF (KN)         X Disp (mm)     Y Disp (mm)    
0.000           -71.263         90.05745        -27.99037       1.95022         0.02832        
0.400           -71.263         78.86130        -27.99037       -0.00679        -0.14644       
0.800           -71.263         67.66515        -27.99037       -0.01357        -0.26111       
1.200           -71.263         56.46900        -27.99037       -0.02036        -0.32423       
1.600           -71.263         45.27285        -27.99037       -0.02715        -0.34433       
2.000           -71.263         34.07670        -27.99037       -0.03393        -0.32993       
2.400           -71.263         22.88055        -27.99037       -0.04072        -0.28957       
2.800           -71.263         11.68440        -27.99037       -0.04751        -0.23178       
3.200           -71.263         0.48825         -27.99037       -0.05430        -0.16508       
3.600           -71.263         -10.70790       -27.99037       -0.06108        -0.09801       
4.000           -71.263         -21.90405       -27.99037       1.88235         -0.03910       

Element 5 (Length: 4.000 m)
Position (m)    AF (KN)         BM (KN·m)       SF (KN)         X Disp (mm)     Y Disp (mm)    
0.000           -38.289         11.00704        -18.44551       1.88235         -0.03910       
0.400           -38.289         3.62884         -18.44551       -0.00365        0.01614        
0.800           -38.289         -3.74936        -18.44551       -0.00729        0.07415        
1.200           -38.289         -11.12757       -18.44551       -0.01094        0.12930        
1.600           -38.289         -18.50577       -18.44551       -0.01459        0.17597        
2.000           -38.289         -25.88397       -18.44551       -0.01823        0.20854        
2.400           -38.289         -33.26217       -18.44551       -0.02188        0.22139        
2.800           -38.289         -40.64037       -18.44551       -0.02553        0.20890        
3.200           -38.289         -48.01858       -18.44551       -0.02917        0.16545        
3.600           -38.289         -55.39678       -18.44551       -0.03282        0.08541        
4.000           -38.289         -62.77498       -18.44551       1.84588         -0.03684       

Element 6 (Length: 4.000 m)
Position (m)    AF (KN)         BM (KN·m)       SF (KN)         X Disp (mm)     Y Disp (mm)    
0.000           1.750           -45.49181       107.17264       1.95022         0.00000        
0.400           1.750           -6.62276        87.17264        2.17000         0.00017        
0.800           1.750           24.24630        67.17264        2.39534         0.00033        
1.200           1.750           47.11535        47.17264        2.60272         0.00050        
1.600           1.750           61.98441        27.17264        2.77470         0.00067        
2.000           1.750           68.85346        7.17264         2.89997         0.00083        
2.400           1.750           67.72252        -12.82736       2.97328         0.00100        
2.800           1.750           58.59157        -32.82736       2.99551         0.00117        
3.200           1.750           41.46063        -52.82736       2.97360         0.00133        
3.600           1.750           16.32968        -72.82736       2.92061         0.00150        
4.000           1.750           -16.80127       -92.82736       2.85569         0.00167        

Element 7 (Length: 4.000 m)
Position (m)    AF (KN)         BM (KN·m)       SF (KN)         X Disp (mm)     Y Disp (mm)    
0.000           -31.515         -32.91109       -32.97363       1.88235         0.00000        
0.400           -31.515         -43.70054       -20.97363       1.84442         -0.00300       
0.800           -31.515         -49.68999       -8.97363        1.83949         -0.00600       
1.200           -31.515         -50.87944       3.02637         1.87210         -0.00900       
1.600           -31.515         -47.26889       15.02637        1.94318         -0.01201       
2.000           -31.515         -38.85834       27.02637        2.04997         -0.01501       
2.400           -31.515         -25.64779       39.02637        2.18606         -0.01801       
2.800           -31.515         -7.63725        51.02637        2.34139         -0.02101       
3.200           -31.515         15.17330        63.02637        2.50223         -0.02401       
3.600           -31.515         42.78385        75.02637        2.65121         -0.02701       
4.000           -31.515         75.19440        87.02637        2.76728         -0.03001       

Element 8 (Length: 4.000 m)
Position (m)    AF (KN)         BM (KN·m)       SF (KN)         X Disp (mm)     Y Disp (mm)    
0.000           -20.235         6.34515         5.80099         1.84588         0.00000        
0.400           -20.235         8.66554         5.80099         1.98839         -0.00193       
0.800           -20.235         10.98594        5.80099         2.12430         -0.00385       
1.200           -20.235         13.30634        5.80099         2.25184         -0.00578       
1.600           -20.235         15.62673        5.80099         2.36925         -0.00771       
2.000           -20.235         17.94713        5.80099         2.47474         -0.00964       
2.400           -20.235         20.26753        5.80099         2.56657         -0.01156       
2.800           -20.235         22.58792        5.80099         2.64295         -0.01349       
3.200           -20.235         24.90832        5.80099         2.70212         -0.01542       
3.600           -20.235         27.22872        5.80099         2.74231         -0.01734       
4.000           -20.235         29.54912        5.80099         2.76176         -0.01927       

Element 9 (Length: 4.000 m)
Position (m)    AF (KN)         BM (KN·m)       SF (KN)         X Disp (mm)     Y Disp (mm)    
0.000           -92.827         -16.80127       -1.75025        2.85569         0.02999        
0.400           -92.827         -17.50137       -1.75025        -0.00884        0.08649        
0.800           -92.827         -18.20147       -1.75025        -0.01768        0.12965        
1.200           -92.827         -18.90157       -1.75025        -0.02652        0.15894        
1.600           -92.827         -19.60167       -1.75025        -0.03536        0.17383        
2.000           -92.827         -20.30177       -1.75025        -0.04420        0.17379        
2.400           -92.827         -21.00187       -1.75025        -0.05304        0.15828        
2.800           -92.827         -21.70197       -1.75025        -0.06188        0.12676        
3.200           -92.827         -22.40207       -1.75025        -0.07073        0.07871        
3.600           -92.827         -23.10217       -1.75025        -0.07957        0.01360        
4.000           -92.827         -23.80228       -1.75025        2.76728         -0.06912       

Element 10 (Length: 4.000 m)
Position (m)    AF (KN)         BM (KN·m)       SF (KN)         X Disp (mm)     Y Disp (mm)    
0.000           -5.801          51.39213        -20.23531       2.76728         -0.06912       
0.400           -5.801          43.29800        -20.23531       -0.00055        -0.14226       
0.800           -5.801          35.20388        -20.23531       -0.00110        -0.18242       
1.200           -5.801          27.10975        -20.23531       -0.00166        -0.19576       
1.600           -5.801          19.01563        -20.23531       -0.00221        -0.18844       
2.000           -5.801          10.92151        -20.23531       -0.00276        -0.16663       
2.400           -5.801          2.82738         -20.23531       -0.00331        -0.13650       
2.800           -5.801          -5.26674        -20.23531       -0.00387        -0.10422       
3.200           -5.801          -13.36087       -20.23531       -0.00442        -0.07595       
3.600           -5.801          -21.45499       -20.23531       -0.00497        -0.05785       
4.000           -5.801          -29.54912       -20.23531       2.76176         -0.05611       

