========== Nodal Displacements ==========
Units: mm (U, V), rad (θ)

Element 1
  Node 1              0       3.5558            0
  Node 4         4.6404       3.5558   -0.0014046

Element 2
  Node 2              0            0   -0.0014328
  Node 5         4.6202        0.124  -0.00059962

Element 3
  Node 3              0            0            0
  Node 6         4.5672     -0.17162   -0.0009372

Element 4
  Node 4         4.6404       3.5558   -0.0014046
  Node 5         4.6202        0.124  -0.00059962

Element 5
  Node 5         4.6202        0.124  -0.00059962
  Node 6         4.5672     -0.17162   -0.0009372

Element 6
  Node 4         4.6404       3.5558   -0.0014046
  Node 7         8.7113       3.5341   -0.0007147

Element 7
  Node 5         4.6202        0.124  -0.00059962
  Node 8         8.6097      0.16545  -0.00068126

Element 8
  Node 6         4.5672     -0.17162   -0.0009372
  Node 9         8.5618     -0.23906  -0.00042021

Element 9
  Node 7         8.7113       3.5341   -0.0007147
  Node 8         8.6097      0.16545  -0.00068126

Element 10
  Node 8         8.6097      0.16545  -0.00068126
  Node 9         8.5618     -0.23906  -0.00042021


========== Reaction Forces ==========
Units: KN, KN·m

Node   (X, Y) [mm]           Fx (KN)    Fy (KN)     M (KN·m)
--------------------------------------------------------------
 1    (   0.0,    0.0)       -72.102      0.000    217.948
 2    (4000.0,    0.0)       -21.870   -130.198      0.000
 3    (8000.0,    0.0)      -106.029    380.198    261.260

========== Element Internal Forces & Displacement ==========
Units: Position (m), BM (KN·m), SF (KN), Disp (mm)

Element 1 (Length: 4.000 m)
Position (m)    AF (KN)         BM (KN·m)       SF (KN)         X Disp (mm)     Y Disp (mm)    
0.000           0.000           -217.94751      72.10179        0.00000         0.00000        
0.400           0.000           -189.10680      72.10179        0.07937         0.00000        
0.800           0.000           -160.26608      72.10179        0.30281         0.00000        
1.200           0.000           -131.42537      72.10179        0.64837         0.00000        
1.600           0.000           -102.58465      72.10179        1.09405         0.00000        
2.000           0.000           -73.74394       72.10179        1.61790         0.00000        
2.400           0.000           -44.90322       72.10179        2.19793         0.00000        
2.800           0.000           -16.06251       72.10179        2.81218         0.00000        
3.200           0.000           12.77821        72.10179        3.43866         0.00000        
3.600           0.000           41.61892        72.10179        4.05541         0.00000        
4.000           0.000           70.45964        72.10179        4.64045         0.00000        

Element 2 (Length: 4.000 m)
Position (m)    AF (KN)         BM (KN·m)       SF (KN)         X Disp (mm)     Y Disp (mm)    
0.000           130.198         -0.00000        21.86964        0.00000         0.00000        
0.400           130.198         8.74786         21.86964        0.57199         0.01240        
0.800           130.198         17.49571        21.86964        1.13732         0.02480        
1.200           130.198         26.24357        21.86964        1.68931         0.03720        
1.600           130.198         34.99143        21.86964        2.22131         0.04960        
2.000           130.198         43.73928        21.86964        2.72665         0.06200        
2.400           130.198         52.48714        21.86964        3.19867         0.07440        
2.800           130.198         61.23499        21.86964        3.63069         0.08680        
3.200           130.198         69.98285        21.86964        4.01606         0.09920        
3.600           130.198         78.73071        21.86964        4.34811         0.11160        
4.000           130.198         87.47856        21.86964        4.62017         0.12400        

Element 3 (Length: 4.000 m)
Position (m)    AF (KN)         BM (KN·m)       SF (KN)         X Disp (mm)     Y Disp (mm)    
0.000           -180.198        -261.26005      106.02857       0.00000         0.00000        
0.400           -180.198        -218.84862      106.02857       0.09414         -0.01716       
0.800           -180.198        -176.43720      106.02857       0.35503         -0.03432       
1.200           -180.198        -134.02577      106.02857       0.75034         -0.05149       
1.600           -180.198        -91.61434       106.02857       1.24777         -0.06865       
2.000           -180.198        -49.20291       106.02857       1.81499         -0.08581       
2.400           -180.198        -6.79148        106.02857       2.41971         -0.10297       
2.800           -180.198        35.61995        106.02857       3.02960         -0.12013       
3.200           -180.198        78.03138        106.02857       3.61235         -0.13729       
3.600           -180.198        120.44281       106.02857       4.13565         -0.15446       
4.000           -180.198        162.85423       106.02857       4.56719         -0.17162       

Element 4 (Length: 4.000 m)
Position (m)    AF (KN)         BM (KN·m)       SF (KN)         X Disp (mm)     Y Disp (mm)    
0.000           -21.288         87.68437        -22.71035       4.64045         3.55577        
0.400           -21.288         78.60023        -22.71035       -0.00203        3.02616        
0.800           -21.288         69.51609        -22.71035       -0.00405        2.55644        
1.200           -21.288         60.43195        -22.71035       -0.00608        2.13968        
1.600           -21.288         51.34780        -22.71035       -0.00811        1.76896        
2.000           -21.288         42.26366        -22.71035       -0.01014        1.43737        
2.400           -21.288         33.17952        -22.71035       -0.01216        1.13798        
2.800           -21.288         24.09538        -22.71035       -0.01419        0.86387        
3.200           -21.288         15.01124        -22.71035       -0.01622        0.60812        
3.600           -21.288         5.92710         -22.71035       -0.01825        0.36380        
4.000           -21.288         -3.15704        -22.71035       4.62017         0.12400        

Element 5 (Length: 4.000 m)
Position (m)    AF (KN)         BM (KN·m)       SF (KN)         X Disp (mm)     Y Disp (mm)    
0.000           -55.639         201.04719       -109.38492      4.62017         0.12400        
0.400           -55.639         157.29323       -109.38492      -0.00530        -0.04482       
0.800           -55.639         113.53926       -109.38492      -0.01060        -0.09379       
1.200           -55.639         69.78530        -109.38492      -0.01590        -0.05626       
1.600           -55.639         26.03133        -109.38492      -0.02120        0.03444        
2.000           -55.639         -17.72264       -109.38492      -0.02649        0.14498        
2.400           -55.639         -61.47660       -109.38492      -0.03179        0.24201        
2.800           -55.639         -105.23057      -109.38492      -0.03709        0.29220        
3.200           -55.639         -148.98453      -109.38492      -0.04239        0.26222        
3.600           -55.639         -192.73850      -109.38492      -0.04769        0.11873        
4.000           -55.639         -236.49247      -109.38492      4.56719         -0.17162       

Element 6 (Length: 4.000 m)
Position (m)    AF (KN)         BM (KN·m)       SF (KN)         X Disp (mm)     Y Disp (mm)    
0.000           -22.710         -17.22473       93.39002        4.64045         0.00000        
0.400           -22.710         16.13128        73.39002        5.20438         -0.00216       
0.800           -22.710         41.48728        53.39002        5.75653         -0.00433       
1.200           -22.710         58.84329        33.39002        6.27757         -0.00649       
1.600           -22.710         68.19930        13.39002        6.75430         -0.00865       
2.000           -22.710         69.55530        -6.60998        7.17956         -0.01081       
2.400           -22.710         62.91131        -26.60998       7.55235         -0.01298       
2.800           -22.710         48.26732        -46.60998       7.87770         -0.01514       
3.200           -22.710         25.62332        -66.60998       8.16679         -0.01730       
3.600           -22.710         -5.02067        -86.60998       8.43687         -0.01947       
4.000           -22.710         -43.66466       -106.60998      8.71128         -0.02163       

Element 7 (Length: 4.000 m)
Position (m)    AF (KN)         BM (KN·m)       SF (KN)         X Disp (mm)     Y Disp (mm)    
0.000           43.524          -116.72567      56.22001        4.62017         0.00000        
0.400           43.524          -94.23767       56.22001        4.90164         0.00415        
0.800           43.524          -71.74966       56.22001        5.25490         0.00829        
1.200           43.524          -49.26166       56.22001        5.66282         0.01244        
1.600           43.524          -26.77366       56.22001        6.10828         0.01658        
2.000           43.524          -4.28565        56.22001        6.57414         0.02073        
2.400           43.524          18.20235        56.22001        7.04327         0.02487        
2.800           43.524          40.69036        56.22001        7.49852         0.02902        
3.200           43.524          63.17836        56.22001        7.92278         0.03316        
3.600           43.524          85.66636        56.22001        8.29890         0.03731        
4.000           43.524          108.15437       56.22001        8.60974         0.04145        

Element 8 (Length: 4.000 m)
Position (m)    AF (KN)         BM (KN·m)       SF (KN)         X Disp (mm)     Y Disp (mm)    
0.000           -70.813         -73.63823       50.38997        4.56719         0.00000        
0.400           -70.813         -53.48224       50.38997        4.96756         -0.00674       
0.800           -70.813         -33.32625       50.38997        5.40868         -0.01349       
1.200           -70.813         -13.17026       50.38997        5.87519         -0.02023       
1.600           -70.813         6.98572         50.38997        6.35174         -0.02698       
2.000           -70.813         27.14171        50.38997        6.82296         -0.03372       
2.400           -70.813         47.29770        50.38997        7.27351         -0.04046       
2.800           -70.813         67.45369        50.38997        7.68802         -0.04721       
3.200           -70.813         87.60968        50.38997        8.05113         -0.05395       
3.600           -70.813         107.76567       50.38997        8.34750         -0.06070       
4.000           -70.813         127.92166       50.38997        8.56175         -0.06744       

Element 9 (Length: 4.000 m)
Position (m)    AF (KN)         BM (KN·m)       SF (KN)         X Disp (mm)     Y Disp (mm)    
0.000           -106.610        -43.66466       22.71035        8.71128         3.53414        
0.400           -106.610        -34.58052       22.71035        -0.01015        3.23278        
0.800           -106.610        -25.49638       22.71035        -0.02031        2.90507        
1.200           -106.610        -16.41224       22.71035        -0.03046        2.55793        
1.600           -106.610        -7.32810        22.71035        -0.04061        2.19829        
2.000           -106.610        1.75604         22.71035        -0.05077        1.83307        
2.400           -106.610        10.84018        22.71035        -0.06092        1.46919        
2.800           -106.610        19.92432        22.71035        -0.07107        1.11356        
3.200           -106.610        29.00847        22.71035        -0.08123        0.77311        
3.600           -106.610        38.09261        22.71035        -0.09138        0.45477        
4.000           -106.610        47.17675        22.71035        8.60974         0.16545        

Element 10 (Length: 4.000 m)
Position (m)    AF (KN)         BM (KN·m)       SF (KN)         X Disp (mm)     Y Disp (mm)    
0.000           -50.390         155.33112       -70.81319       8.60974         0.16545        
0.400           -50.390         127.00584       -70.81319       -0.00480        -0.05148       
0.800           -50.390         98.68056        -70.81319       -0.00960        -0.17164       
1.200           -50.390         70.35528        -70.81319       -0.01440        -0.21661       
1.600           -50.390         42.03001        -70.81319       -0.01920        -0.20798       
2.000           -50.390         13.70473        -70.81319       -0.02400        -0.16733       
2.400           -50.390         -14.62055       -70.81319       -0.02879        -0.11623       
2.800           -50.390         -42.94583       -70.81319       -0.03359        -0.07628       
3.200           -50.390         -71.27110       -70.81319       -0.03839        -0.06904       
3.600           -50.390         -99.59638       -70.81319       -0.04319        -0.11611       
4.000           -50.390         -127.92166      -70.81319       8.56175         -0.23906       

